 403.201 111.6005 7.29026143312932
576.0022 122.4001 9.60832402091861
568.8007 453.5994 9.56907587105831
434.9899 316.4035 6.89489836659976
562.5357 269.0277 2.73012951609219
518.0411 369.7916 8.53964419036156
415.1898 206.7833 3.7400748132449
651.6733 96.40778 0.499793812865295
623.0896 374.2918 9.91439962755628
556.7047 167.6514 9.06008362260651
995.257 629.5317 3.88029940141379
333.2538 246.0965 4.88198888715449
427.5742 164.4846 8.94562059032993
396.7218 284.9043 7.42576151500724
 356.402 280.7996 5.54427176972119